73,4
73,3
73,2
73,1
73,0
72,5
72,4
72,3
72,2
72,1
72,0
71,4
71,3
71,2
71,1
71,0
70,5
70,4
70,3
70,2
70,1
70,0
69,4
69,3
69,2
69,1
69,0
67,8
67,7
67,6
67,5
67,4
67,3
67,2
67,1
67,0
66,6
66,5
66,4
66,3
66,2
66,1
66,0
65,9
65,8
65,7
65,6
65,5
65,4
65,3
65,2
65,1
65,0
64,5
64,4
64,3
64,2
64,1
64,0
62,5
62,4
62,3
62,2
62,1
62,0
34,4
34,3
34,1
32,7
32,3
32,1
20,3
20,2
20,1
19,3
19,2
19,1
18,3
18,1
14,9
14,8
14,7
14,5
14,3
14,1
13,3
13,1
12,3
12,2
12,1
11,3
11,2
11,1
10,3
10,2
10,1
9,3
9,2
9,1
8,3
2,2
2,1
8,2
8,1
3,1
3,3
3,2
